Start : 2845735, 86.844954sec

Interval : 2929.687500sec

Time sclk	Time sec	Data

End : 2845812, 86.847294sec
